11
4
1 2
4 1
8 9
1 6
5
57 47
18 99
90 70
42 52
78 40
6
32 26
57 9
51 44
2 47
0 40
41 22
7
57.0 28.0
54.0 65.0
46.0 79.0
8.0 111.0
36.0 52.0
22.0 76.0
34.0 129.0
8
59.0 26.0
114.0 56.0
83.0 41.0
40.0 28.0
21.0 12.0
0.0 71.0
50.0 140.0
20.0 70.0
9
46.0 79.0
8.0 111.0
36.0 52.0
22.0 76.0
34.0 129.0
74.0 6.0
6.0 41.0
21.0 45.0
37.0 155.0
10
36.0 52.0
22.0 76.0
34.0 129.0
74.0 6.0
6.0 41.0
21.0 45.0
37.0 155.0
38.0 35.0
5.0 24.0
50.0 140.0
11
46.0 79.0
8.0 111.0
21.0 12.0
0.0 71.0
50.0 140.0
20.0 70.0
57.0 28.0
54.0 65.0
83.0 41.0
40.0 28.0
12.0 23.0
12
36.90 5.86  
32.26 9.77  
38.43 4.61   
17.08 13.71  
2.37 12.91  
35.22 11.95  
8.73 37.92   
18.21 30.06   
17.36 14.99  
16.05 36.09  
36.89 4.48   
11.35 37.87 
13
5	5
10	5
10	10
5	10
15	5
18	10
11	2
16	8
18	4
8	8
19	4
2	7
4	15 
14
36.893950 4.489910 
13.639841 11.354847
37.879510 1.891633  
39.040952 6.060413 
2.538418 7.949413
3.900184 38.587090 
35.113496 9.111273
15.855447 3.920608
28.751273 26.932531
24.411612 26.044301
17.121206 34.976862
5.514005 17.708273  
12.745841 28.464310 
24.386363 23.195509